(1, 22.3)
(1001, 7.71)
(2001, 5.27)
(3001, 4.16)
(4001, 3.58)
(5001, 3.27)
(6001, 2.98)
(7001, 2.76)
(8001, 2.6)
(9001, 2.47)
(10001, 2.38)
(11001, 2.28)
(12001, 2.21)
(13001, 2.15)
(14001, 2.12)
(15001, 2.07)
(16001, 2.03)
(17001, 1.99)
(18001, 1.96)
(19001, 1.93)
(20001, 1.91)
(21001, 1.89)
(22001, 1.86)
(23001, 1.81)
(24001, 1.79)
(25001, 1.75)
(26001, 1.74)
(27001, 1.72)
(28001, 1.71)
(29001, 1.68)
(30001, 1.67)
(31001, 1.63)
(32001, 1.61)
(33001, 1.58)
(34001, 1.54)
(35001, 1.53)
(36001, 1.53)
(37001, 1.49)
(38001, 1.49)
(39001, 1.47)
(40001, 1.45)
(41001, 1.44)
(42001, 1.44)
(43001, 1.44)
(44001, 1.42)
(45001, 1.41)
(46001, 1.4)
(47001, 1.39)
(48001, 1.37)
(49001, 1.37)
(50001, 1.34)
(51001, 1.32)
(52001, 1.32)
(53001, 1.31)
(54001, 1.3)
(55001, 1.29)
(56001, 1.27)
(57001, 1.27)
(58001, 1.26)
(59001, 1.26)
(60001, 1.25)
(61001, 1.22)
(62001, 1.21)
(63001, 1.21)
(64001, 1.19)
(65001, 1.19)
(66001, 1.18)
(67001, 1.16)
(68001, 1.16)
(69001, 1.15)
(70001, 1.14)
(71001, 1.13)
(72001, 1.12)
(73001, 1.12)
(74001, 1.11)
(75001, 1.1)
(76001, 1.1)
(77001, 1.09)
(78001, 1.08)
(79001, 1.07)
(80001, 1.06)
(81001, 1.06)
(82001, 1.05)
(83001, 1.05)
(84001, 1.04)
(85001, 1.04)
(86001, 1.04)
(87001, 1.03)
(88001, 1.03)
(89001, 1.02)
(90001, 1)
(91001, 1)
(92001, 0.995)
(93001, 0.991)
(94001, 0.987)
(95001, 0.984)
(96001, 0.98)
(97001, 0.975)
(98001, 0.966)
(99001, 0.964)
(100001, 0.957)
(101001, 0.95)
(102001, 0.944)
(103001, 0.942)
(104001, 0.938)
(105001, 0.931)
(106001, 0.923)
(107001, 0.918)
(108001, 0.913)
(109001, 0.903)
(110001, 0.898)
(111001, 0.895)
(112001, 0.887)
(113001, 0.884)
(114001, 0.881)
(115001, 0.873)
(116001, 0.872)
(117001, 0.865)
(118001, 0.861)
(119001, 0.857)
(120001, 0.855)
(121001, 0.853)
(122001, 0.844)
(123001, 0.842)
(124001, 0.841)
(125001, 0.838)
(126001, 0.836)
(127001, 0.835)
(128001, 0.833)
(129001, 0.83)
(130001, 0.826)
(131001, 0.825)
(132001, 0.822)
(133001, 0.821)
(134001, 0.82)
(135001, 0.814)
(136001, 0.814)
(137001, 0.813)
(138001, 0.811)
(139001, 0.81)
(140001, 0.809)
(141001, 0.806)
(142001, 0.805)
(143001, 0.803)
(144001, 0.802)
(145001, 0.801)
(146001, 0.799)
(147001, 0.797)
(148001, 0.795)
(149001, 0.794)
(150001, 0.792)
(151001, 0.791)
(152001, 0.79)
(153001, 0.787)
(154001, 0.786)
(155001, 0.785)
(156001, 0.783)
(157001, 0.782)
(158001, 0.782)
(159001, 0.777)
(160001, 0.773)
(161001, 0.767)
(162001, 0.767)
(163001, 0.765)
(164001, 0.765)
(165001, 0.763)
(166001, 0.761)
(167001, 0.76)
(168001, 0.755)
(169001, 0.754)
(170001, 0.754)
(171001, 0.754)
(172001, 0.75)
(173001, 0.749)
(174001, 0.748)
(175001, 0.746)
(176001, 0.746)
(177001, 0.744)
(178001, 0.741)
(179001, 0.739)
(180001, 0.739)
(181001, 0.737)
(182001, 0.736)
(183001, 0.734)
(184001, 0.733)
(185001, 0.731)
(186001, 0.731)
(187001, 0.73)
(188001, 0.729)
(189001, 0.728)
(190001, 0.727)
(191001, 0.727)
(192001, 0.726)
(193001, 0.726)
(194001, 0.724)
(195001, 0.723)
(196001, 0.722)
(197001, 0.72)
(198001, 0.719)
(199001, 0.717)
(200001, 0.716)
(201001, 0.71)
(202001, 0.709)
(203001, 0.709)
(204001, 0.708)
(205001, 0.703)
(206001, 0.699)
(207001, 0.695)
(208001, 0.691)
(209001, 0.687)
(210001, 0.686)
(211001, 0.686)
(212001, 0.685)
(213001, 0.684)
(214001, 0.683)
(215001, 0.682)
(216001, 0.682)
(217001, 0.68)
(218001, 0.675)
(219001, 0.673)
(220001, 0.673)
(221001, 0.672)
(222001, 0.671)
(223001, 0.67)
(224001, 0.669)
(225001, 0.668)
(226001, 0.664)
(227001, 0.662)
(228001, 0.662)
(229001, 0.66)
(230001, 0.659)
(231001, 0.659)
(232001, 0.658)
(233001, 0.657)
(234001, 0.655)
(235001, 0.654)
(236001, 0.653)
(237001, 0.653)
(238001, 0.652)
(239001, 0.647)
(240001, 0.647)
(241001, 0.645)
(242001, 0.645)
(243001, 0.645)
(244001, 0.643)
(245001, 0.642)
(246001, 0.642)
(247001, 0.641)
(248001, 0.64)
(249001, 0.64)
(250001, 0.64)
(251001, 0.638)
(252001, 0.636)
(253001, 0.633)
(254001, 0.633)
(255001, 0.632)
(256001, 0.632)
(257001, 0.63)
(258001, 0.629)
(259001, 0.628)
(260001, 0.628)
(261001, 0.627)
(262001, 0.627)
(263001, 0.626)
(264001, 0.626)
(265001, 0.624)
(266001, 0.623)
(267001, 0.622)
(268001, 0.621)
(269001, 0.621)
(270001, 0.62)
(271001, 0.62)
(272001, 0.619)
(273001, 0.619)
(274001, 0.618)
(275001, 0.618)
(276001, 0.617)
(277001, 0.617)
(278001, 0.614)
(279001, 0.613)
(280001, 0.611)
(281001, 0.61)
(282001, 0.61)
(283001, 0.603)
(284001, 0.602)
(285001, 0.601)
(286001, 0.6)
(287001, 0.6)
(288001, 0.599)
(289001, 0.599)
(290001, 0.599)
(291001, 0.598)
(292001, 0.598)
(293001, 0.597)
(294001, 0.596)
(295001, 0.592)
(296001, 0.591)
(297001, 0.591)
(298001, 0.59)
(299001, 0.589)
(300001, 0.589)
(301001, 0.588)
(302001, 0.587)
(303001, 0.586)
(304001, 0.585)
(305001, 0.582)
(306001, 0.581)
(307001, 0.58)
(308001, 0.58)
(309001, 0.579)
(310001, 0.579)
(311001, 0.578)
(312001, 0.577)
(313001, 0.577)
(314001, 0.576)
(315001, 0.576)
(316001, 0.576)
(317001, 0.575)
(318001, 0.575)
(319001, 0.574)
(320001, 0.574)
(321001, 0.573)
(322001, 0.571)
(323001, 0.571)
(324001, 0.571)
(325001, 0.57)
(326001, 0.569)
(327001, 0.569)
(328001, 0.569)
(329001, 0.566)
(330001, 0.566)
(331001, 0.565)
(332001, 0.565)
(333001, 0.564)
(334001, 0.564)
(335001, 0.562)
(336001, 0.561)
(337001, 0.561)
(338001, 0.559)
(339001, 0.559)
(340001, 0.557)
(341001, 0.557)
(342001, 0.556)
(343001, 0.556)
(344001, 0.554)
(345001, 0.554)
(346001, 0.554)
(347001, 0.553)
(348001, 0.553)
(349001, 0.552)
(350001, 0.552)
(351001, 0.551)
(352001, 0.551)
(353001, 0.551)
(354001, 0.55)
(355001, 0.55)
(356001, 0.549)
(357001, 0.549)
(358001, 0.548)
(359001, 0.547)
(360001, 0.547)
(361001, 0.547)
(362001, 0.546)
(363001, 0.545)
(364001, 0.545)
(365001, 0.544)
(366001, 0.544)
(367001, 0.543)
(368001, 0.543)
(369001, 0.543)
(370001, 0.542)
(371001, 0.541)
(372001, 0.541)
(373001, 0.54)
(374001, 0.539)
(375001, 0.539)
(376001, 0.539)
(377001, 0.538)
(378001, 0.538)
(379001, 0.538)
(380001, 0.538)
(381001, 0.537)
(382001, 0.537)
(383001, 0.536)
(384001, 0.536)
(385001, 0.535)
(386001, 0.535)
(387001, 0.534)
(388001, 0.534)
(389001, 0.533)
(390001, 0.533)
(391001, 0.532)
(392001, 0.532)
(393001, 0.53)
(394001, 0.529)
(395001, 0.528)
(396001, 0.527)
(397001, 0.527)
(398001, 0.525)
(399001, 0.525)
(400001, 0.525)
(401001, 0.524)
(402001, 0.524)
(403001, 0.523)
(404001, 0.523)
(405001, 0.522)
(406001, 0.521)
(407001, 0.521)
(408001, 0.521)
(409001, 0.519)
(410001, 0.518)
(411001, 0.518)
(412001, 0.518)
(413001, 0.518)
(414001, 0.516)
(415001, 0.515)
(416001, 0.514)
(417001, 0.514)
(418001, 0.513)
(419001, 0.512)
(420001, 0.512)
(421001, 0.512)
(422001, 0.51)
(423001, 0.51)
(424001, 0.509)
(425001, 0.509)
(426001, 0.509)
(427001, 0.507)
(428001, 0.507)
(429001, 0.506)
(430001, 0.506)
(431001, 0.506)
(432001, 0.506)
(433001, 0.505)
(434001, 0.505)
(435001, 0.503)
(436001, 0.503)
(437001, 0.503)
(438001, 0.503)
(439001, 0.501)
(440001, 0.501)
(441001, 0.498)
(442001, 0.497)
(443001, 0.497)
(444001, 0.496)
(445001, 0.495)
(446001, 0.495)
(447001, 0.495)
(448001, 0.495)
(449001, 0.493)
(450001, 0.492)
(451001, 0.492)
(452001, 0.492)
(453001, 0.492)
(454001, 0.491)
(455001, 0.491)
(456001, 0.49)
(457001, 0.49)
(458001, 0.49)
(459001, 0.489)
(460001, 0.489)
(461001, 0.486)
(462001, 0.486)
(463001, 0.486)
(464001, 0.486)
(465001, 0.486)
(466001, 0.485)
(467001, 0.485)
(468001, 0.485)
(469001, 0.484)
(470001, 0.484)
(471001, 0.484)
(472001, 0.484)
(473001, 0.483)
(474001, 0.483)
(475001, 0.483)
(476001, 0.483)
(477001, 0.482)
(477255, 0.482)
